0FEB
14C3
1F1D
1CCD
020A
2788
2343
13D7
0928
04FE
07B5
15C6
03FA
18DC
2BF0
2247
1D4C
1E8E
15A1
128D
2134
2F6E
1550
1EA0
1545
0F14
11B8
2BE7
181B
2117
0A7B
2B5B
2941
0190
17F9
1CAD
1527
21C6
17F8
16E6
1599
1456
0038
2382
2214
2D73
06A6
283E
14DB
1ABB
17CD
0E7E
013C
017E
2E2D
206D
2AB2
153B
2B1B
03CD
2063
2810
20DA
0782
2F41
2AD8
2800
1330
125A
13C1
1D55
228C
2267
2CEE
155C
03F2
23CA
1FB8
0B68
1479
17A7
22F9
02A5
16F2
0ACE
2AD6
2FCD
239B
2F6A
27B2
0F75
0B17
18EF
09C9
2E52
062B
2342
0E10
17BD
1210
2E5C
0FF0
17B4
0E12
025D
2703
01F8
1F8C
12AE
1903
0BD5
1A27
2BB0
008E
1631
226C
0B1C
0D6E
1F8D
03CF
003A
2F10
03EB
2235
0375
1889
07A4
1391
2FC1
0E48
2D56
2666
061E
1696
09C7
0B84
1B78
0EFA
171F
1151
0BEE
1A93
23CE
06D3
27E3
2BA9
10E2
07A6
039A
2E48
0FEF
2BDF
0FCE
2D3C
0527
23B3
1850
0343
1F71
220F
1BC1
04B0
17EA
2606
0F74
0550
17E7
14B1
10CA
0D01
00A8
0A84
063A
2857
13F2
18B8
0E90
2030
1766
2B7A
03B4
047A
2A85
0145
2014
0FB0
214F
0B67
0127
182E
028C
1686
2DC1
2086
17FE
098F
070D
0B42
27FE
07A2
0733
26C8
1013
0BD6
0B5C
2F27
2238
0D6A
16F4
08E9
07EF
14D5
206A
2080
2F65
0ACF
2E3C
1714
2E5F
2145
1ACC
1D5B
2AF4
1281
09C4
2A30
1736
062F
2B12
2FD0
171B
2A36
0717
1507
05E8
2EA3
0809
1B08
237F
1E74
230E
01AA
1292
0742
2154
284A
2EA6
0B6D
00AE
2D2E
0BC1
069D
0A5F
199A
16EC
0AB2
2E14
2001
26B4
1544
2A9F
0778
1F10
01B3
0194
1DDC
2BD8
27A2
1B64
2B71
2B4A
2351
25FB
088B
268B
186A
0E3E
267C
187B
0BAB
213D
036B
1370
29BA
1F45
13E0
1C6E
2C17
2407
001B
0EB3
2A61
2C08
1CEC
13DC
29A1
1FD2
126A
2F0F
2A00
0A76
0E78
0221
1C66
042B
13ED
01BA
0961
0186
2CFC
0EC2
2108
0415
24D6
2650
1394
24A1
19BF
2E9F
12FD
1EAC
0003
0C4D
2F61
2F90
1337
278B
0F4B
0E34
1CB7
0A90
14AB
067F
06F1
0592
1DD3
05CC
1CE2
0ADC
1BB6
202C
0A55
1C4F
0901
0B1F
1EC3
1EED
2783
2968
22DD
0FD9
0CC7
2439
00F3
2449
2D62
0C40
1447
22B9
26A2
2E5D
15B7
277F
29F9
2E25
2236
1329
0F91
2583
2352
0F8A
2468
0DB6
14D4
24D0
0942
24BD
2B80
08C9
2031
29A3
27B3
238F
1AE2
2A3A
0001
141A
0FCB
1FDB
1668
2D2F
0519
04BC
2993
2386
16E4
222B
2251
21DC
09F1
11EF
19A1
139F
193D
2ABA
1372
1970
2301
03B5
0A41
0A4F
1D2C
2DCE
0B9F
2549
2443
0C13
0051
2C19
1F21
2416
26C3
0B93
1CE1
2F75
073D
2D2B
1DFE
1F62
2B68
0663
2531
0C81
0BC6
052E
1C23
0492
26F2
2C46
0316
0C3F
0E80
12EE
0ABB
0DE1
1D3C
2BDB
08F6
2C03
0009
24E7
2E21
2EAE
09A4
169F
2DE1
2A9C
2624
1FB0
0E00
137D
14D3
10B6
2978
1164
26A5
2094
2321
0082
1EFF
24EC
1B03
215D
2C48
2CC6
1687
1C36
0895
2F8B
2655
0CA9
02D9
0CD9
2824
24C0
0CD4
0829
13E4
2B15
1124
167B
1DE9
2A6D
06A0
097A
2EB3
1087
09F4
2E9E
0D36
2922
0E7B
0E6E
1BC6
0E35
227E
1A5B
0091
1CE7
1717
0AAB
20A5
0000
0000
0000
0000
0000
0000
0000
0000
0000
0000
0000
0000
0000
0000
0000
0000
0000
0000
0000
0000
0000
0000
0000
0000
0000
0000
0000
0000
0000
0000
0000
0000
0000
0000
0000
0000
0000
0000
0000
0000
0000
0000
0000
0000
0000
0000
0000
0000
0000
0000
0000
0000
0000
0000
0000
0000
0000
0000
0000
0000
0000
0000
0000
0000
0000
0000
0000
0000
0000
0000
0000
0000
0000
0000
0000
0000
0000
0000
0000
0000
0000
0000
0000
0000
0000
0000
0000
0000
0000
0000
0000
0000
0000
0000
0000
0000
0000
0000
0000
0000
0000
0000
0000
0000
0000
0000
0000
0000
0000
0000
0000
0000
0000
0000
0000
0000
0000
0000
0000
0000
0000
0000
0000
0000
0000
0000
0000
0000
0000
0000
0000
0000
0000
0000
0000
0000
0000
0000
0000
0000
0000
0000
0000
0000
0000
0000
0000
0000
0000
0000
0000
0000
0000
0000
0000
0000
0000
0000
0000
0000
0000
0000
0000
0000
0000
0000
0000
0000
0000
0000
0000
0000
0000
0000
0000
0000
0000
0000
0000
0000
0000
0000
0000
0000
0000
0000
0000
0000
0000
0000
0000
0000
0000
0000
0000
0000
0000
0000
0000
0000
0000
0000
0000
0000
0000
0000
0000
0000
0000
0000
0000
0000
0000
0000
0000
0000
0000
0000
0000
0000
0000
0000
0000
0000
0000
0000
0000
0000
0000
0000
0000
0000
0000
0000
0000
0000
0000
0000
0000
0000
0000
0000
0000
0000
0000
0000
0000
0000
0000
0000
0000
0000
0000
0000
0000
0000
0000
0000
0000
0000
0000
0000
0000
0000
0000
0000
0000
0000
0000
0000
0000
0000
0000
0000
0000
0000
0000
0000
0000
0000
0000
0000
0000
0000
0000
0000
0000
0000
0000
0000
0000
0000
0000
0000
0000
0000
0000
0000
0000
0000
0000
0000
0000
0000
0000
0000
0000
0000
0000
0000
0000
0000
0000
0000
0000
0000
0000
0000
0000
0000
0000
0000
0000
0000
0000
0000
0000
0000
0000
0000
0000
0000
0000
0000
0000
0000
0000
0000
0000
0000
0000
0000
0000
0000
0000
0000
0000
0000
0000
0000
0000
0000
0000
0000
0000
0000
0000
0000
0000
0000
0000
0000
0000
0000
0000
0000
0000
0000
0000
0000
0000
0000
0000
0000
0000
0000
0000
0000
0000
0000
0000
0000
0000
0000
0000
0000
0000
0000
0000
0000
0000
0000
0000
0000
0000
0000
0000
0000
0000
0000
0000
0000
0000
0000
0000
0000
0000
0000
0000
0000
0000
0000
0000
0000
0000
0000
0000
0000
0000
0000
0000
0000
0000
0000
0000
0000
0000
0000
0000
0000
0000
0000
0000
0000
0000
0000
0000
0000
0000
0000
0000
0000
0000
0000
0000
0000
0000
0000
0000
0000
0000
0000
0000
0000
0000
0000
0000
0000
0000
0000
0000
0000
0000
0000
0000
0000
0000
0000
0000
0000
0000
0000
0000
0000
0000
0000
0000
0000
0000
0000
0000
0000
0000
0000
0000
0000
0000
0000
0000
0000
0000
0000
0000
0000
0000
0000
0000
0000
0000
0000
0000
0000
0000
0000
0000
0000
0000
0000
0000
0000
0000
0000
0000
0000
0000
0000
0000
0000
0000
0000
0000
0000
0000
0000
0000
0000
0000
0000
0000
0000
0000
0000
0000
0000
0000
0000
0000
0000
0000
0000
0000
0000
0000
0000
0000
0000
0000
0000
0000
0000
0000
0000
0000
0000
0000
0000
0000
0000
0000
0000
0000
0000
0000
0000
0000
0000
0000
0000
0000
0000
0000
0000
0000
0000
0000
0000
0000
0000
0000
0000
0000
0000
0000
0000
0000
0000
0000
0000
0000
0000
0000
0000
0000
0000
0000
0000
0000
0000
0000
0000
0000
0000
0000
0000
0000
0000
0000
0000
0000
0000
0000
0000
0000
0000
0000
0000
0000
0000
0000
0000
0000
0000
0000
0000
0000
0000
0000
0000
0000
0000
0000
0000
0000
0000
0000
0000
0000
0000
0000
0000
0000
0000
0000
0000
0000
0000
0000
0000
0000
0000
0000
0000
0000
0000
0000
0000
0000
0000
0000
0000
0000
0000
0000
0000
0000
0000
0000
0000
0000
0000
0000
0000
0000
0000
0000
0000
0000
0000
0000
0000
0000
0000
0000
0000
0000
0000
0000
0000
0000
0000
0000
0000
0000
0000
0000
0000
0000
0000
0000
0000
0000
0000
0000
0000
0000
0000
0000
0000
0000
0000
0000
0000
0000
0000
0000
0000
0000
0000
0000
0000
0000
0000
0000
0000
0000
0000
0000
0000
0000
0000
0000
0000
0000
0000
0000
0000
0000
0000
0000
0000
0000
0000
0000
0000
0000
0000
0000
0000
0000
0000
0000
0000
0000
0000
0000
0000
0000
0000
0000
0000
0000
0000
0000
0000
0000
0000
0000
0000
0000
0000
0000
0000
0000
0000
0000
0000
0000
0000
0000
0000
0000
0000
0000
0000
0000
0000
0000
0000
0000
0000
0000
0000
0000
0000
0000
0000
0000
0000
0000
0000
0000
0000
0000
0000
0000
0000
0000
0000
0000
0000
0000
0000
0000
0000
0000
0000
0000
0000
0000
0000
0000
0000
0000
0000
0000
0000
0000
0000
0000
0000
0000
0000
0000
0000
0000
0000
0000
0000
0000
0000
0000
0000
0000
0000
0000
0000
0000
0000
0000
0000
0000
0000
0000
0000
0000
0000
0000
0000
0000
0000
0000
0000
0000
0000
0000
0000
0000
0000
0000
0000
0000
0000
0000
0000
0000
0000
0000
0000
0000
0000
0000
0000
0000
0000
0000
0000
0000
0000
0000
0000
0000
0000
0000
0000
0000
0000
0000
0000
0000
0000
0000
0000
0000
0000
0000
0000
0000
0000
0000
0000
0000
0000
0000
0000
0000
0000
0000
0000
0000
0000
0000
0000
0000
0000
0000
0000
0000
0000
0000
0000
0000
0000
0000
0000
0000
0000
0000
0000
0000
0000
0000
0000
0000
0000
0000
0000
0000
0000
0000
0000
0000
0000
0000
0000
0000
0000
0000
0000
0000
0000
0000
0000
0000
0000
0000
0000
0000
0000
0000
0000
0000
0000
0000
0000
0000
0000
0000
0000
0000
0000
0000
0000
0000
0000
0000
0000
0000
0000
0000
0000
0000
0000
0000
0000
0000
0000
0000
0000
0000
0000
0000
0000
0000
0000
0000
0000
0000
0000
0000
0000
0000
0000
0000
0000
0000
0000
0000
0000
0000
0000
0000
0000
0000
0000
0000
0000
0000
0000
0000
0000
0000
0000
0000
0000
0000
0000
0000
0000
0000
0000
0000
0000
0000
0000
0000
0000
0000
0000
0000
0000
0000
0000
0000
0000
0000
0000
0000
0000
0000
0000
0000
0000
0000
0000
0000
0000
0000
0000
0000
0000
0000
0000
0000
0000
0000
0000
0000
0000
0000
0000
0000
0000
0000
0000
0000
0000
0000
0000
0000
0000
0000
0000
0000
0000
0000
0000
0000
0000
0000
0000
0000
0000
0000
0000
0000
0000
0000
0000
0000
0000
0000
0000
0000
0000
0000
0000
0000
0000
0000
0000
0000
0000
0000
0000
0000
0000
0000
0000
0000
0000
0000
0000
0000
0000
0000
0000
0000
0000
0000
0000
0000
0000
0000
0000
0000
0000
0000
0000
0000
0000
0000
0000
0000
0000
0000
0000
0000
0000
0000
0000
0000
0000
0000
0000
0000
0000
0000
0000
0000
0000
0000
0000
0000
0000
0000
0000
0000
0000
0000
0000
0000
0000
0000
0000
0000
0000
0000
0000
0000
0000
0000
0000
0000
0000
0000
0000
0000
0000
0000
0000
0000
0000
0000
0000
0000
0000
0000
0000
0000
0000
0000
0000
0000
0000
0000
0000
0000
0000
0000
0000
0000
0000
0000
0000
0000
0000
0000
0000
0000
0000
0000
0000
0000
0000
0000
0000
0000
0000
0000
0000
0000
0000
0000
0000
0000
0000
0000
0000
0000
0000
0000
0000
0000
0000
0000
0000
0000
0000
0000
0000
0000
0000
0000
0000
0000
0000
0000
0000
0000
0000
0000
0000
0000
0000
0000
0000
0000
0000
0000
0000
0000
0000
0000
0000
0000
0000
0000
0000
0000
0000
0000
0000
0000
0000
0000
0000
0000
0000
0000
0000
0000
0000
0000
0000
0000
0000
0000
0000
0000
0000
0000
0000
0000
0000
0000
0000
0000
0000
0000
0000
0000
0000
0000
0000
0000
0000
0000
0000
0000
0000
0000
0000
0000
0000
0000
0000
0000
0000
0000
0000
0000
0000
0000
0000
0000
0000
0000
0000
0000
0000
0000
0000
0000
0000
0000
0000
0000
0000
0000
0000
0000
0000
0000
0000
0000
0000
0000
0000
0000
0000
0000
0000
0000
0000
0000
0000
0000
0000
0000
0000
0000
0000
0000
0000
0000
0000
0000
0000
0000
0000
0000
0000
0000
0000
0000
0000
0000
0000
0000
0000
0000
0000
0000
0000
0000
0000
0000
0000
0000
0000
0000
0000
0000
0000
0000
0000
0000
0000
0000
0000
0000
0000
0000
0000
0000
0000
0000
0000
0000
0000
0000
0000
0000
0000
0000
0000
0000
0000
0000
0000
0000
0000
0000
0000
0000
0000
0000
0000
0000
0000
0000
0000
0000
0000
0000
0000
0000
0000
0000
0000
0000
0000
0000
0000
0000
0000
0000
0000
0000
0000
0000
0000
0000
0000
0000
0000
0000
0000
0000
0000
0000
0000
0000
0000
0000
0000
0000
0000
0000
0000
0000
0000
0000
0000
0000
0000
0000
0000
0000
0000
0000
0000
0000
0000
0000
0000
0000
0000
0000
0000
0000
0000
0000
0000
0000
0000
0000
0000
0000
0000
0000
0000
0000
0000
0000
0000
0000
0000
0000
0000
0000
0000
0000
0000
0000
0000